17 0
18 0
20 0
21 0
25 1
26 1
28 1
32 1 2 3 4
33 1 2 3 4 5
34 5
35 1 3 4
36 1 3 4 5
37 1 2 3 5
41 6
42 6
44 6
48 6 7 8 9
49 6 7 8 9 10
50 10
52 6 8 9 10
56 7 9 10 11 12 13
64 13 15 16 17 18 19 20
65 7 9 10 11 12 14 16 17 18 19 20 21
66 7 9 10 11 12 13 15 16 21
67 6 8 9 11 13 18 19 20
68 7 9 10 11 12 14 19 20 21
69 13 15 16 17 18 19 21
73 22
74 22
76 22
80 22 23 24 25
81 22 23 24 25 26
82 26
84 22 24 25 26
88 23 25 26 27 28 29
96 29 31 32 33 34 35 36
97 23 25 26 27 28 30 32 33 34 35 36 37
98 23 25 26 27 28 29 31 32 37
100 23 25 26 27 28 30 35 36 37
104 22 24 25 27 31 32 33 36 37 38 39 40
112 40 42 43 44 45 46 47
