15 
23 
27 
29 
30 
31 
39 
43 
45 
46 
47 
51 
53 
54 
55 
57 
58 
59 
60 
61 
62 
63 
71 
75 
77 
78 
79 
83 
85 
86 
87 
89 
90 
91 
92 
93 
94 
95 
99 
101 
102 
103 
105 
106 
107 
108 
109 
110 
111 
113 
114 
115 
116 
117 
118 
119 
120 
121 
122 
123 
124 
125 
126 
127 
16 0
17 0
19 0
20 0
24 1
25 1
28 2
32 1 2 3 5
33 3 4 5
34 4
35 3 5
36 1 2 4 5
40 6
41 6
44 7
48 6 7 8 10
49 8 9 10
50 9
52 6 7 8 9 11
56 8 10 11 12 14
64 12 14 17 19 21
65 8 10 11 14 15 17 18 19 20 21
66 8 10 11 13 14 15 16 17 18 20
67 8 10 11 13 14 15 16 17 18 19 21
68 8 10 11 14 16 18 20 21
72 22
73 22
76 23
80 22 23 24 26
81 24 25 26
82 25
84 22 23 24 25 27
88 24 26 27 28 30
96 28 30 33 35 37
97 24 26 27 30 31 33 34 35 36 37
98 24 26 27 29 30 31 32 33 34 36
100 29 31 33 35 36 38
104 24 26 27 29 30 31 32 33 34 35 37 38 39 41
112 39 41 44 46 48
