15 
23 
27 
29 
30 
31 
39 
43 
45 
46 
47 
51 
53 
54 
55 
57 
58 
59 
60 
61 
62 
63 
71 
75 
77 
78 
79 
83 
85 
86 
87 
89 
90 
91 
92 
93 
94 
95 
99 
101 
102 
103 
105 
106 
107 
108 
109 
110 
111 
113 
114 
115 
116 
117 
118 
119 
120 
121 
122 
123 
124 
125 
126 
127 
17 0
18 0
20 0
21 0
25 1
26 1
28 1
32 2 3 4
33 2 4 5
34 3 5
35 3 4
36 4 5
37 5
41 6
42 6
44 6
48 7 8 9
49 7 9 10
50 8 10
52 9 10
56 11 12 13
64 16 17 19 20
65 17 18 20 21
66 18 19 21
67 19 20
68 20 21
69 21
73 22
74 22
76 22
80 23 24 25
81 23 25 26
82 24 26
84 25 26
88 27 28 29
96 32 33 35 36
97 33 34 36 37
98 34 35 37
100 36 37
104 38 39 40
112 43 44 46 47
