15 
23 
27 1
29 2
30 3
31 2 3 4
39 
43 6
45 7
46 8
47 7 8 9
51 9 10
53 11
54 12
55 11 12 13
57 12 14
58 12 13 15
59 13 14 15 16
60 14 16 17
61 15 17 18
62 15 16 18 19
63 16 17 19 20
71 
75 22
77 23
78 24
79 23 24 25
83 25 26
85 27
86 28
87 27 28 29
89 28 30
90 28 29 31
91 29 30 31 32
92 30 32 33
93 31 33 34
94 31 32 34 35
95 32 33 35 36
99 36 37
101 38
102 39
103 38 39 40
105 39 41
106 39 40 42
107 40 41 42 43
108 41 43 44
109 42 44 45
110 42 43 45 46
111 43 44 46 47
113 45 46 48
114 46 47 49
115 47 48 49 50
116 48 50 51
117 49 51 52
118 49 50 52 53
119 50 51 53 54
120 51 52 54 55
121 52 53 55 56
122 53 54 56 57
123 54 55 57 58
124 55 56 58 59
125 56 57 59 60
126 57 58 60 61
127 58 59 61 62
16 0
17 0
19 0
20 0
24 1
25 1
28 1 2
32 2 4 5
33 3 5
34 3 4
35 4 5
36 5
40 6
41 6
44 6 7
48 7 9 10
49 8 10
50 8 9
52 10 11
56 11 13 14
64 17 18 20 21
65 18 19 21
66 19 20
67 20 21
68 21
72 22
73 22
76 22 23
80 23 25 26
81 24 26
82 24 25
84 26 27
88 27 29 30
96 33 34 36 37
97 34 35 37
98 35 36
100 37 38
104 38 40 41
112 44 45 47 48
